   9.3998414e+01   4.8375248e+02
   4.3745412e+02   3.2417750e+02
   8.3094973e+02   3.9367291e+02
   1.3458452e+03   3.8824850e+02
   1.5315084e+03   5.5061624e+02
   1.4322037e+03   7.6779307e+02
   1.6102790e+03   8.4182155e+02
   1.5529046e+03   9.6045039e+02
   1.4414783e+03   9.7910151e+02
   1.1288642e+03   1.1519866e+03
   1.0925367e+03   1.0324863e+03
   1.3017493e+03   9.1278943e+02
   1.2410000e+03   7.5700000e+02
   1.0429278e+03   7.7987235e+02
   9.9926577e+02   1.2889400e+03
   8.4914605e+02   1.3344308e+03
   8.0500000e+02   9.2200000e+02
   6.7173185e+02   9.7140634e+02
   7.1204549e+02   1.3011887e+03
   6.0122108e+02   1.3924601e+03
   5.3800000e+02   9.6500000e+02
   3.5900000e+02   9.8200000e+02
   1.5996011e+02   1.3347880e+03
  -9.1456492e+01   1.1441395e+03
   9.1723873e+01   7.6807012e+02
