   5.4200000e+02   1.7000000e+01
   7.7111977e+02  -7.0935368e+01
   9.8475049e+02  -5.4095056e+01
   1.2080000e+03   1.7000000e+01
   1.2080000e+03   3.0900000e+02
   1.3706641e+03   5.9332628e+02
   1.5153057e+03   8.9077551e+02
   1.3293162e+03   8.8046435e+02
   1.2121638e+03   8.7587014e+02
   1.0559607e+03   8.8114921e+02
   1.1225768e+03   7.3115255e+02
   1.0697434e+03   5.6346392e+02
   9.8015629e+02   4.5126795e+02
   8.9056921e+02   3.9613744e+02
   7.7866631e+02   4.0189659e+02
   6.9072111e+02   5.1558688e+02
   4.8576195e+02   7.3883232e+02
   2.0817285e+02   8.1923744e+02
  -7.8988289e+01   8.9007052e+02
  -1.2110526e+02   7.7329166e+02
  -1.2493407e+02   6.5076957e+02
  -1.2926928e+02   5.1794883e+02
   3.2388160e+02   4.9536975e+02
   4.9322360e+02   3.0024020e+02
